-1116-

Pons 1111111111, 18, Pom-Serme.
1111. de 1111111111] (11111111).

1111111111. 1, 11 Pom· 11111, 1111.
111111. 11 1111111111.

11111 1111111 11 1111111 (11111111
11), 111, 11111111 11111111, 1111.
1111111111.

11111111 (1111111111), 5-1.

11111111111111111, 111, com. 11
11111. 111 1111111111 (11111111).

1111111111111111111, 139, 111111-
del-Bosa, 1111. 111 villeneuve-les-
(1111111111, 11111. 11 1111111111·
1111111.

11111111(1111111111). 11, 11111111,
com. 1181111111111-11-111111111-
que. 11111, 111 11111111.

1)(11111111111, 6.

1111111111111111111 Pauli 11),
39, 11111111, com. 11111111111,
cant. 11 1111111111.

Pratum Majus‚ 1113, 1111111111,
com. 111111. 1211111111.

1111 (11111111), 11, 11111111.. com.
11 11111111-111-1111, 1111. 111 81-

11111111111 1111111111111( 1.

1

1111111111 (terminus 11 castellania
11), 111. 01111111, com. 11 Cucu-
9nan, 1111. 11 111111.

9111111111 (castrum 11), 131,
01111111111111. 1113111111, 1111.
11 Narbonae.

- 1111111111, 110.

- locus 11, 131.

01111111 (11111111 11), 1910111111,
11,-1. 111 1111. de 1111. 111 Li·
11111.

- 1111111111, 8-1, 111.

- 111111111111111111, 191.

- 1111111, 113, 81, 111.

Quinto 1111111 (11111111 11), 1119,
1111111111, 1111, 1111111111.

11

1111111111 (9111111111111), alias 11

11111, 135.
1111111111 (1111111111), 111.

1111111111 (1111111111 11), 11 , 1111.
de 1111111, 1111. 1111111111.

1111111111 1111111111, 51.

-- 11 Sancto 11111, 3.

- 1111111111, 111.

11111111(11111111 11), 11,11111. 11
1111111111, 1111. 1113111111.

11111111 (Claudius 11). 115, 111111-

11111111111111111111111111111137, com. 11
cant. 11811111.

1111111ἰί (archidiaconus). 9, 11
111111.

- 1111111111 1111111 11, 111.

1111111111111111111 11), 1119, 1111.

11111111 (ecclesia 11), 1311, 111,
1111111111, 1111. de Peyriac-Miner·
1111.

11111111111111(111111111111111111),
11111, 111. 111118,

11111111, 117, com. 11 11111111, 11111.
111 1111111.

1111111 pour 1111111111(1111111111),
111), 11111111, 1111. 1111111111.

· 1111111, 11111, 1111, 117.

11111111 (11111111111111), 56

111111 1111111111 11), 511, 11111111·
tes, 11,-1. 1111111. 11 111111
1111111111 (1111·11111-0111111111).

[1111111111 (11111111 11 Salis 11),
113, 11 1111191111, 1111 1111111,
1111 111. 31111-111111111, cant. 11
811111-11111111..

11111111 (ecclesia 11). 13, 119,
11111111, 1111. 1161111111.

11111111 (locus 11), 95, 11111111,
1111. 11 [11111111.

1111111111 11 1111111111 (1111111111),
17, 51, 1111111111, 111111 1181-
1111. com. 11 1111111111-11-11111-
111111, 11111. 1111111111.

1111111111(1111111111), 111, 111111111-
1111131111111111111111 1111111191,
1111. 11 111111.

1111111 (3111111111), 65.

11111111, 111. 11111111.

11111 Curva (11111111 11), 119,
1111111111, 1111. 11 (3111111111.
1111111 Fano (ecclesia 11), 81,
1111111111-1111, 1111. de 1111-

11111.
- molendina 11, 69.

 

