-11111-

Pons 1111111111, 118, Pom-Serme.
com. 11 1111111119 (11111111).

1111111111, 1, 11 Ρο11-1’1111,1111.
111111. 11 1111111111.

Ponte 1111111. 11 11111111 (11111111
11), 111, 1111111 11 11111111, 1111.
1111111111.

Ρο111111 (1111111111), 51.

111111111111111111, 18, com. 11
1111. 11 1111111119111111111).

111111111111111111), 139, 111111-
111-11111, 111111 1111111111111-
(1111111111, 1111. 11 1111111111-
1111111.

11111111(1111111111), 11, 1111111111,
com. 1181111.111111111-111111111-
quo. 1111. 11 11111111.

111111111111, 11.

1111111111111111111311111 11111 11),
311, 1111111, com. 1111111111,
1111. 11 (11111111.

Pratum Majus‚ 1113, 1111111111,
com. 111111. 1121111911,

1111 (stagnum), 11, 11111111, com.
1111111111-11-1111, 1111. 11 81-

11111511 11111111, 1.

1

1111111111 1111111111 1111111111111
11181. 01111111, com. 1111111-
11111, 1111. 11 111111.

(1111111111 (1111111111), 131,
0111111111111. 1111111111, 1111.
11 Narbonae.

- 1111111111, 110.

- 1111111, 131.

(1111111111111111111 11), 1011111111,
11,-1. 11 1111. 11 1111. 1111·
11111.

- 1111111111, 8-1, 111.

- 11111 temporalis 11, 101.

- 1111111, 113, 81, 111.

Quinto 1111111 11111111 11), 110,
0111111111, 1111. 1111111111.

11

1111311101 11ἓέ11111111111), 11111 11
11111111111111111111111), m.

1111111111 1111111111 11), 11 ,1111
11 1111111, 1111. 11 1111111.

1111111111 11111111, 51.

-- 11, 1111111111, 3.

- 1111111111, 111.

11111111 (11111111 11), 11,1111. 11
1111111111, 1111. 1111111111.

11111111 (Claudius 11), 115. 111111-

111(15551911,1155551055ῗῗωὲ17, com. 11
1111. 11819111.

1111111111 (11111111111111), 9, 11
111111.

- 111111111111111111 11, 111.

1111111111 (11111111 11), 1119, 111).

11111111 (11111111 111. 131, 111 ,
1111111111, 1111. 11 styriae-Miner·
1111.

1111111 1111111 (1111111111 vocatum),
11111, 11). 111111.

11111111, 111. 1111. 11 11111111, 1111.
11 1111111.

1111111 pour 1111111111 (1111111111),
1111, 11111111, 1111. 11111111.

-- 1111111, 11111, 1111, 117.

11111111 (1111111111 11) , 511

111111Ι 1111111111 11), 511, 11111111-
111, 11,-1. 111111. 11 1111. 11
1111119111 1 Pyre'ue'es-Orienlales).

111111111111 (11111111 11 Salis 11) ,
113, 11 1111191111, 1111111111,
pre's 111 811111111111111, cant. 11
81111-11111111.

11111111 (11111111 11). 13, 1111,
1111111, 1111. 1161111111.

11111111 (locus 11), 95, 11111111,
1111. 11 [11111111.

1111111111111111111 (11111111 11),
11, 51, 1111111111, 119111 1181-
9111, com. 11 1311111111-11-11111-
11111, 1111. 1111111111.

11111111 (1111111111), 111. 111111111-
1111-11111111111111111 1111111191,
cant. 11 1111111.

1111111 (1111111111), 65.

11111111, 111. 11111111.

Rufio 11111 (eeclesia 11), 110,

11111111111111110111111,
1111111111, 1111. 11 1111-

omne.

- [1111111111611

 

